494849525050
565248525050
514949525050
554949525050
504851525050
524948525050
575248525050
544951525050
555148525050
545148525050
535049525050
504949525050
554951525050
524848525050
514951525050
515049525050
485049525050
565049525050
495148525050
575051525050
544948525050
534851525050
555051525050
554851525050
564949525050
545248525050
505148525050
504948525050
515248525050
485149525050
525049525050
564849525050
535151525050
504849525050
555048525050
494951525050
545051525050
565148525050
544848525050
514857525150
